[gd_scene load_steps=19 format=3 uid="uid://c3hyyc0dcr3me"]

[ext_resource type="PackedScene" uid="uid://dax4hbsbejibf" path="res://Characters/gltf/Knight.glb" id="1_v65ig"]

[sub_resource type="AnimationNodeAnimation" id="AnimationNodeAnimation_jix4k"]
animation = &"Idle"

[sub_resource type="AnimationNodeAnimation" id="AnimationNodeAnimation_oalhw"]
animation = &"Running_A"

[sub_resource type="AnimationNodeAnimation" id="AnimationNodeAnimation_cxi0b"]
animation = &"Walking_Backwards"

[sub_resource type="AnimationNodeAnimation" id="AnimationNodeAnimation_ss841"]
animation = &"Running_Strafe_Right"

[sub_resource type="AnimationNodeAnimation" id="AnimationNodeAnimation_fadnv"]
animation = &"Running_Strafe_Left"

[sub_resource type="AnimationNodeBlendSpace2D" id="AnimationNodeBlendSpace2D_na5h2"]
blend_point_0/node = SubResource("AnimationNodeAnimation_jix4k")
blend_point_0/pos = Vector2(0, 0)
blend_point_1/node = SubResource("AnimationNodeAnimation_oalhw")
blend_point_1/pos = Vector2(0, 1)
blend_point_2/node = SubResource("AnimationNodeAnimation_cxi0b")
blend_point_2/pos = Vector2(0, -1)
blend_point_3/node = SubResource("AnimationNodeAnimation_ss841")
blend_point_3/pos = Vector2(1, 0)
blend_point_4/node = SubResource("AnimationNodeAnimation_fadnv")
blend_point_4/pos = Vector2(-1, 0)

[sub_resource type="AnimationNodeAnimation" id="AnimationNodeAnimation_awufr"]
animation = &"Jump_Idle"

[sub_resource type="AnimationNodeAnimation" id="AnimationNodeAnimation_pe1qm"]
animation = &"Jump_Land"

[sub_resource type="AnimationNodeAnimation" id="AnimationNodeAnimation_n0c70"]
animation = &"Jump_Start"

[sub_resource type="AnimationNodeStateMachineTransition" id="AnimationNodeStateMachineTransition_cwcbf"]
advance_mode = 2

[sub_resource type="AnimationNodeStateMachineTransition" id="AnimationNodeStateMachineTransition_631la"]
advance_mode = 2
advance_condition = &"jumping"

[sub_resource type="AnimationNodeStateMachineTransition" id="AnimationNodeStateMachineTransition_fvegh"]
switch_mode = 2
advance_mode = 2

[sub_resource type="AnimationNodeStateMachineTransition" id="AnimationNodeStateMachineTransition_imgrq"]
advance_mode = 2
advance_condition = &"grounded"

[sub_resource type="AnimationNodeStateMachineTransition" id="AnimationNodeStateMachineTransition_rvtbo"]
xfade_time = 0.1
switch_mode = 2
advance_mode = 2

[sub_resource type="AnimationNodeStateMachineTransition" id="AnimationNodeStateMachineTransition_c2xbd"]
xfade_time = 0.3

[sub_resource type="AnimationNodeStateMachine" id="AnimationNodeStateMachine_drjpd"]
states/IWR/node = SubResource("AnimationNodeBlendSpace2D_na5h2")
states/IWR/position = Vector2(560, 76.6667)
states/Jump_Idle/node = SubResource("AnimationNodeAnimation_awufr")
states/Jump_Idle/position = Vector2(568, 194)
states/Jump_Land/node = SubResource("AnimationNodeAnimation_pe1qm")
states/Jump_Land/position = Vector2(697.333, 159.037)
states/Jump_Start/node = SubResource("AnimationNodeAnimation_n0c70")
states/Jump_Start/position = Vector2(449.778, 159.333)
states/Start/position = Vector2(249.333, 89.3333)
transitions = ["Start", "IWR", SubResource("AnimationNodeStateMachineTransition_cwcbf"), "IWR", "Jump_Start", SubResource("AnimationNodeStateMachineTransition_631la"), "Jump_Start", "Jump_Idle", SubResource("AnimationNodeStateMachineTransition_fvegh"), "Jump_Idle", "Jump_Land", SubResource("AnimationNodeStateMachineTransition_imgrq"), "Jump_Land", "IWR", SubResource("AnimationNodeStateMachineTransition_rvtbo"), "IWR", "Jump_Idle", SubResource("AnimationNodeStateMachineTransition_c2xbd")]

[sub_resource type="CapsuleShape3D" id="CapsuleShape3D_a4rdm"]
height = 2.4

[node name="Knight" instance=ExtResource("1_v65ig")]
collision_layer = 2

[node name="Skeleton3D" parent="Rig" index="0"]
transform = Transform3D(-1, 0, -8.74228e-08, 0, 1, 0, 8.74228e-08, 0, -1, 0, 0, 0)
bones/0/position = Vector3(0, 0.000153408, 0)
bones/0/rotation = Quaternion(-4.15171e-11, 0.00120656, 7.19097e-11, 0.999999)
bones/1/position = Vector3(8.78287e-30, 0.380802, -3.6838e-23)
bones/1/rotation = Quaternion(0.00144077, 0.0425316, -0.000221815, 0.999094)
bones/2/rotation = Quaternion(0.0016608, -0.00133625, 0.000194942, 0.999998)
bones/3/rotation = Quaternion(0.000662262, -0.000373426, 9.18976e-05, 1)
bones/4/position = Vector3(0.211739, 0.133863, -0.000621353)
bones/4/rotation = Quaternion(-0.560324, -0.0593579, -0.63501, 0.528466)
bones/4/scale = Vector3(0.999999, 0.999999, 1)
bones/5/rotation = Quaternion(2.95368e-08, -3.03308e-08, -0.509378, 0.860543)
bones/6/rotation = Quaternion(-9.73784e-11, -2.98437e-10, 0.0266581, 0.999645)
bones/6/scale = Vector3(1, 1, 1)
bones/7/rotation = Quaternion(-0.317272, -0.334897, 0.144541, 0.87538)
bones/8/position = Vector3(-4.3859e-10, 0.0961252, -0.0575)
bones/8/rotation = Quaternion(-0.000332007, 0.00126922, -0.703292, 0.710899)
bones/8/scale = Vector3(1, 1, 1)
bones/14/position = Vector3(-0.211913, 0.13395, -0.000668475)
bones/14/rotation = Quaternion(-0.61708, 0.0810441, 0.612724, 0.487045)
bones/14/scale = Vector3(0.999999, 0.999999, 1)
bones/15/rotation = Quaternion(2.16929e-08, 6.37016e-08, 0.530936, 0.847412)
bones/16/rotation = Quaternion(-9.73784e-11, 2.98437e-10, -0.0266581, 0.999645)
bones/16/scale = Vector3(1, 1, 1)
bones/17/rotation = Quaternion(-0.315491, 0.310786, -0.225704, 0.867718)
bones/18/position = Vector3(-1.48199e-08, 0.0961251, -0.0575)
bones/18/rotation = Quaternion(0.000497173, 0.00113338, 0.703152, 0.711038)
bones/18/scale = Vector3(1, 1, 1)
bones/21/rotation = Quaternion(-0.00183434, -0.0295972, 1.63678e-05, 0.99956)
bones/24/position = Vector3(0.170945, 0.113587, -0.00128971)
bones/24/rotation = Quaternion(0.992018, 0.0819274, 0.0758286, 0.0586302)
bones/24/scale = Vector3(1, 1, 1)
bones/25/rotation = Quaternion(0.324818, 6.1506e-08, -2.20876e-07, 0.945777)
bones/26/rotation = Quaternion(-0.578707, -0.202189, 0.0624609, 0.787602)
bones/27/rotation = Quaternion(-9.10504e-09, 0.919314, -0.393525, 7.80381e-08)
bones/27/scale = Vector3(1, 1, 1)
bones/28/position = Vector3(-0.170945, 0.113587, 0.00128975)
bones/28/rotation = Quaternion(0.993623, -0.031324, 0.0298795, 0.104116)
bones/28/scale = Vector3(1, 1, 1)
bones/29/rotation = Quaternion(0.373988, -6.08344e-08, 2.60987e-07, 0.927433)
bones/30/rotation = Quaternion(-0.609938, 0.11203, -0.0166823, 0.784313)
bones/31/rotation = Quaternion(3.0343e-08, 0.920355, -0.391084, -6.95404e-08)
bones/31/scale = Vector3(1, 1, 1)
bones/32/position = Vector3(0.170945, 0.293302, 0.576804)
bones/32/rotation = Quaternion(0.707107, -2.29327e-07, -4.60309e-08, 0.707107)
bones/33/position = Vector3(0.20174, 0.0268956, 0.197393)
bones/33/rotation = Quaternion(-0.698856, -7.12966e-08, -6.97517e-08, 0.715263)
bones/34/position = Vector3(1.94238e-08, 0.362833, -2.42861e-15)
bones/34/rotation = Quaternion(9.49251e-09, 1.73214e-09, 0.986119, -0.166039)
bones/35/position = Vector3(-2.56623e-08, 0.213436, -5.09838e-09)
bones/35/rotation = Quaternion(-1.01326e-07, 0.391084, 0.920355, -3.34223e-08)
bones/36/position = Vector3(8.41353e-09, 0.16565, -2.44755e-09)
bones/37/rotation = Quaternion(1, -2.33181e-09, 1.99707e-07, 4.29047e-12)
bones/39/position = Vector3(-0.170945, 0.293302, 0.576804)
bones/39/rotation = Quaternion(0.707107, -3.82628e-08, 1.45033e-07, 0.707107)
bones/40/position = Vector3(-0.170945, 0.0285518, 0.250367)
bones/40/rotation = Quaternion(-0.708213, -7.05496e-08, -7.05592e-08, 0.705999)
bones/41/position = Vector3(1.94581e-08, 0.362833, 7.05388e-10)
bones/41/rotation = Quaternion(-5.73703e-09, 6.33088e-10, 0.994955, 0.100322)
bones/42/position = Vector3(-1.09032e-08, 0.213436, 3.03324e-10)
bones/42/rotation = Quaternion(-1.05759e-07, 0.391084, 0.920355, -2.59134e-08)
bones/43/position = Vector3(-6.31128e-09, 0.16565, 2.86951e-09)
bones/43/rotation = Quaternion(-0.391084, -6.885e-08, -6.56287e-08, 0.920355)
bones/44/rotation = Quaternion(1, 3.71585e-09, 1.94884e-07, 7.34524e-09)
bones/46/position = Vector3(0.454969, 1.10347, -0.588609)
bones/46/rotation = Quaternion(-0.707107, -0.000284435, -0.000284435, 0.707107)
bones/47/position = Vector3(0.52044, 0.782669, -0.0537246)
bones/47/rotation = Quaternion(0.797624, 0.00729513, 0.603109, 0.00169195)
bones/48/position = Vector3(-0.452942, 1.10393, -0.590513)
bones/48/rotation = Quaternion(-0.707107, -0.000284435, -0.000284435, 0.707107)
bones/49/position = Vector3(-0.510883, 0.782669, 0.0606984)
bones/49/rotation = Quaternion(0.762239, -0.00642976, -0.647264, 0.000769807)

[node name="1H_Sword_Offhand" parent="Rig/Skeleton3D" index="0"]
transform = Transform3D(-0.0120052, 0.267585, 0.963459, 0.999927, 0.00325736, 0.0115559, -4.56496e-05, 0.963528, -0.267605, 0.515315, 0.633056, 0.00133938)

[node name="1H_Sword_Offhand" parent="Rig/Skeleton3D/1H_Sword_Offhand" index="0"]
visible = false

[node name="Badge_Shield" parent="Rig/Skeleton3D" index="1"]
transform = Transform3D(-0.0120052, 0.267585, 0.963459, 0.999927, 0.00325482, 0.0115566, -4.30283e-05, 0.963528, -0.267604, 0.665505, 0.634858, -0.0403763)

[node name="Rectangle_Shield" parent="Rig/Skeleton3D" index="2"]
transform = Transform3D(-0.0120052, 0.267585, 0.963459, 0.999927, 0.00325482, 0.0115566, -4.30283e-05, 0.963528, -0.267604, 0.665505, 0.634858, -0.0403763)
visible = false

[node name="Rectangle_Shield" parent="Rig/Skeleton3D/Rectangle_Shield" index="0"]
visible = false

[node name="Round_Shield" parent="Rig/Skeleton3D" index="3"]
transform = Transform3D(-0.0120052, 0.267585, 0.963459, 0.999927, 0.00325482, 0.0115566, -4.30283e-05, 0.963528, -0.267604, 0.665505, 0.634858, -0.0403763)
visible = false

[node name="Round_Shield" parent="Rig/Skeleton3D/Round_Shield" index="0"]
visible = false

[node name="Spike_Shield" parent="Rig/Skeleton3D" index="4"]
transform = Transform3D(-0.0120052, 0.267585, 0.963459, 0.999927, 0.00325482, 0.0115566, -4.30283e-05, 0.963528, -0.267604, 0.665505, 0.634858, -0.0403763)

[node name="1H_Sword" parent="Rig/Skeleton3D" index="5"]
transform = Transform3D(0.00703709, -0.158758, 0.987292, 0.999967, 0.00506764, -0.00631342, -0.00400049, 0.987304, 0.158789, -0.497744, 0.636244, 0.143496)

[node name="2H_Sword" parent="Rig/Skeleton3D" index="6"]
transform = Transform3D(0.00703707, -0.158758, 0.987292, 0.999967, 0.00506763, -0.00631341, -0.00400048, 0.987304, 0.158789, -0.497744, 0.636244, 0.143496)

[node name="Knight_Helmet" parent="Rig/Skeleton3D" index="7"]
transform = Transform3D(0.99969, 0.00016623, 0.0248749, -6.97777e-05, 0.999992, -0.0038783, -0.0248754, 0.00387536, 0.999683, 0.000389617, 1.19117, 0.00480106)

[node name="Knight_Cape" parent="Rig/Skeleton3D" index="8"]
transform = Transform3D(0.996467, 0.000398683, 0.0839806, 0.000235679, 0.999972, -0.00754362, -0.0839812, 0.00753676, 0.996439, 0.000383195, 1.19117, 0.00470755)

[node name="AnimationTree" type="AnimationTree" parent="." index="2"]
tree_root = SubResource("AnimationNodeStateMachine_drjpd")
anim_player = NodePath("../AnimationPlayer")
parameters/conditions/grounded = false
parameters/conditions/jumping = false
parameters/IWR/blend_position = Vector2(-0.00230414, 0.0118344)

[node name="CollisionShape3D" type="CollisionShape3D" parent="." index="3"]
transform = Transform3D(1, 0, 0, 0, 1, 0, 0, 0, 1, 0, 1.2, 0)
shape = SubResource("CapsuleShape3D_a4rdm")

[node name="SpringArm3D" type="SpringArm3D" parent="." index="4"]
transform = Transform3D(1, 0, 0, 0, 1, 0, 0, 0, 1, 0, 2.5, 0)
spring_length = 5.0
margin = 0.1

[node name="Camera3D" type="Camera3D" parent="SpringArm3D" index="0"]
