[gd_scene load_steps=20 format=3 uid="uid://c3hyyc0dcr3me"]

[ext_resource type="PackedScene" uid="uid://dax4hbsbejibf" path="res://Characters/gltf/Knight.glb" id="1_a4siv"]
[ext_resource type="Script" path="res://knight.gd" id="2_pcmta"]

[sub_resource type="AnimationNodeAnimation" id="AnimationNodeAnimation_jix4k"]
animation = &"Idle"

[sub_resource type="AnimationNodeAnimation" id="AnimationNodeAnimation_oalhw"]
animation = &"Running_A"

[sub_resource type="AnimationNodeAnimation" id="AnimationNodeAnimation_cxi0b"]
animation = &"Walking_Backwards"

[sub_resource type="AnimationNodeAnimation" id="AnimationNodeAnimation_ss841"]
animation = &"Running_Strafe_Right"

[sub_resource type="AnimationNodeAnimation" id="AnimationNodeAnimation_fadnv"]
animation = &"Running_Strafe_Left"

[sub_resource type="AnimationNodeBlendSpace2D" id="AnimationNodeBlendSpace2D_na5h2"]
blend_point_0/node = SubResource("AnimationNodeAnimation_jix4k")
blend_point_0/pos = Vector2(0, 0)
blend_point_1/node = SubResource("AnimationNodeAnimation_oalhw")
blend_point_1/pos = Vector2(0, 1)
blend_point_2/node = SubResource("AnimationNodeAnimation_cxi0b")
blend_point_2/pos = Vector2(0, -1)
blend_point_3/node = SubResource("AnimationNodeAnimation_ss841")
blend_point_3/pos = Vector2(1, 0)
blend_point_4/node = SubResource("AnimationNodeAnimation_fadnv")
blend_point_4/pos = Vector2(-1, 0)

[sub_resource type="AnimationNodeAnimation" id="AnimationNodeAnimation_awufr"]
animation = &"Jump_Idle"

[sub_resource type="AnimationNodeAnimation" id="AnimationNodeAnimation_pe1qm"]
animation = &"Jump_Land"

[sub_resource type="AnimationNodeAnimation" id="AnimationNodeAnimation_n0c70"]
animation = &"Jump_Start"

[sub_resource type="AnimationNodeStateMachineTransition" id="AnimationNodeStateMachineTransition_cwcbf"]
advance_mode = 2

[sub_resource type="AnimationNodeStateMachineTransition" id="AnimationNodeStateMachineTransition_631la"]
advance_mode = 2
advance_condition = &"jumping"

[sub_resource type="AnimationNodeStateMachineTransition" id="AnimationNodeStateMachineTransition_fvegh"]
switch_mode = 2
advance_mode = 2

[sub_resource type="AnimationNodeStateMachineTransition" id="AnimationNodeStateMachineTransition_imgrq"]
advance_mode = 2
advance_condition = &"grounded"

[sub_resource type="AnimationNodeStateMachineTransition" id="AnimationNodeStateMachineTransition_rvtbo"]
xfade_time = 0.1
switch_mode = 2
advance_mode = 2

[sub_resource type="AnimationNodeStateMachineTransition" id="AnimationNodeStateMachineTransition_c2xbd"]
xfade_time = 0.3

[sub_resource type="AnimationNodeStateMachine" id="AnimationNodeStateMachine_drjpd"]
states/IWR/node = SubResource("AnimationNodeBlendSpace2D_na5h2")
states/IWR/position = Vector2(560, 76.6667)
states/Jump_Idle/node = SubResource("AnimationNodeAnimation_awufr")
states/Jump_Idle/position = Vector2(568, 194)
states/Jump_Land/node = SubResource("AnimationNodeAnimation_pe1qm")
states/Jump_Land/position = Vector2(697.333, 159.037)
states/Jump_Start/node = SubResource("AnimationNodeAnimation_n0c70")
states/Jump_Start/position = Vector2(449.778, 159.333)
states/Start/position = Vector2(249.333, 89.3333)
transitions = ["Start", "IWR", SubResource("AnimationNodeStateMachineTransition_cwcbf"), "IWR", "Jump_Start", SubResource("AnimationNodeStateMachineTransition_631la"), "Jump_Start", "Jump_Idle", SubResource("AnimationNodeStateMachineTransition_fvegh"), "Jump_Idle", "Jump_Land", SubResource("AnimationNodeStateMachineTransition_imgrq"), "Jump_Land", "IWR", SubResource("AnimationNodeStateMachineTransition_rvtbo"), "IWR", "Jump_Idle", SubResource("AnimationNodeStateMachineTransition_c2xbd")]

[sub_resource type="CapsuleShape3D" id="CapsuleShape3D_a4rdm"]
height = 2.4

[node name="Knight" instance=ExtResource("1_a4siv")]
collision_layer = 2
script = ExtResource("2_pcmta")

[node name="Skeleton3D" parent="Rig" index="0"]
transform = Transform3D(-1, 0, -8.74228e-08, 0, 1, 0, 8.74228e-08, 0, -1, 0, 0, 0)
bones/0/position = Vector3(0, 0.000569058, 0)
bones/0/rotation = Quaternion(-4.1517e-11, 0.00120656, 7.19096e-11, 0.999999)
bones/1/position = Vector3(-3.03493e-18, 0.369261, -7.23584e-25)
bones/1/rotation = Quaternion(0.00135475, 0.0425326, -0.000218214, 0.999094)
bones/2/rotation = Quaternion(0.00164008, 0.0014365, -1.71623e-05, 0.999998)
bones/3/rotation = Quaternion(0.00062203, -0.000324907, 0.000341298, 1)
bones/4/position = Vector3(0.212004, 0.133995, -0.000692863)
bones/4/rotation = Quaternion(-0.554562, -0.0589777, -0.63721, 0.531927)
bones/4/scale = Vector3(0.999999, 0.999999, 1)
bones/5/rotation = Quaternion(3.29523e-08, -4.88248e-08, -0.515487, 0.856897)
bones/6/rotation = Quaternion(-9.73784e-11, -2.98437e-10, 0.0266581, 0.999645)
bones/6/scale = Vector3(1, 1, 1)
bones/7/rotation = Quaternion(-0.31679, -0.339709, 0.145787, 0.873492)
bones/8/position = Vector3(-4.38588e-10, 0.0961252, -0.0575)
bones/8/rotation = Quaternion(0.000383623, 0.00189208, -0.700657, 0.713495)
bones/8/scale = Vector3(1, 1, 1)
bones/14/position = Vector3(-0.211649, 0.133818, -0.000596965)
bones/14/rotation = Quaternion(-0.613102, 0.0779169, 0.61041, 0.495413)
bones/14/scale = Vector3(0.999999, 0.999999, 1)
bones/15/rotation = Quaternion(4.71473e-08, 4.92154e-08, 0.535597, 0.844473)
bones/16/rotation = Quaternion(-9.73784e-11, 2.98437e-10, -0.0266581, 0.999645)
bones/16/scale = Vector3(1, 1, 1)
bones/17/rotation = Quaternion(-0.316507, 0.317631, -0.224301, 0.86523)
bones/18/position = Vector3(-1.48199e-08, 0.0961251, -0.0575)
bones/18/rotation = Quaternion(0.00257288, 0.00368944, 0.700915, 0.71323)
bones/18/scale = Vector3(1, 1, 1)
bones/21/rotation = Quaternion(-0.00186914, -0.0326028, 0.000199126, 0.999467)
bones/24/position = Vector3(0.170945, 0.113587, 0.001409)
bones/24/rotation = Quaternion(0.989037, 0.082269, 0.0783499, 0.0943317)
bones/24/scale = Vector3(1, 1, 1)
bones/25/rotation = Quaternion(0.396875, 5.87151e-08, -2.7063e-07, 0.917872)
bones/26/rotation = Quaternion(-0.623578, -0.19785, 0.0763252, 0.752449)
bones/27/rotation = Quaternion(-1.00627e-08, 0.920355, -0.391084, 7.82021e-08)
bones/27/scale = Vector3(1, 1, 1)
bones/28/position = Vector3(-0.170945, 0.113587, -0.00140896)
bones/28/rotation = Quaternion(0.991388, -0.0329725, 0.0293027, 0.123308)
bones/28/scale = Vector3(1, 1, 1)
bones/29/rotation = Quaternion(0.446547, -5.90057e-08, 3.13387e-07, 0.89476)
bones/30/rotation = Quaternion(-0.644157, 0.110621, -0.0240402, 0.75647)
bones/31/rotation = Quaternion(2.99584e-08, 0.920302, -0.391209, -6.94345e-08)
bones/31/scale = Vector3(1, 1, 1)
bones/32/position = Vector3(0.170945, 0.292358, 0.57586)
bones/32/rotation = Quaternion(0.707107, -2.29327e-07, -4.60309e-08, 0.707107)
bones/33/position = Vector3(0.20174, 0.030567, 0.210743)
bones/33/rotation = Quaternion(-0.711477, -7.00262e-08, -7.103e-08, 0.702709)
bones/34/position = Vector3(1.94238e-08, 0.362833, -2.42861e-15)
bones/34/rotation = Quaternion(9.49251e-09, 1.73214e-09, 0.986119, -0.166039)
bones/35/position = Vector3(-2.56623e-08, 0.213436, -5.09838e-09)
bones/35/rotation = Quaternion(-1.01326e-07, 0.391084, 0.920355, -3.34223e-08)
bones/36/position = Vector3(8.41353e-09, 0.16565, -2.44755e-09)
bones/37/rotation = Quaternion(1, -2.33181e-09, 1.99707e-07, 4.29046e-12)
bones/39/position = Vector3(-0.170945, 0.292358, 0.57586)
bones/39/rotation = Quaternion(0.707107, -3.82628e-08, 1.45033e-07, 0.707107)
bones/40/position = Vector3(-0.170945, 0.0275747, 0.235602)
bones/40/rotation = Quaternion(-0.697183, -7.15739e-08, -6.94637e-08, 0.716893)
bones/41/position = Vector3(1.94581e-08, 0.362833, 7.05387e-10)
bones/41/rotation = Quaternion(-5.73703e-09, 6.33088e-10, 0.994955, 0.100322)
bones/42/position = Vector3(-1.09032e-08, 0.213436, 3.03324e-10)
bones/42/rotation = Quaternion(-1.05759e-07, 0.391084, 0.920355, -2.59134e-08)
bones/43/position = Vector3(-6.31128e-09, 0.16565, 2.86951e-09)
bones/43/rotation = Quaternion(-0.391084, -6.885e-08, -6.56287e-08, 0.920355)
bones/44/rotation = Quaternion(1, 3.71585e-09, 1.94884e-07, 7.34524e-09)
bones/46/position = Vector3(0.454969, 1.10347, -0.588609)
bones/46/rotation = Quaternion(-0.707107, -0.000284434, -0.000284434, 0.707107)
bones/47/position = Vector3(0.52044, 0.773624, -0.0541918)
bones/47/rotation = Quaternion(0.797227, 0.00680456, 0.60364, 0.00154873)
bones/48/position = Vector3(-0.452942, 1.10393, -0.590513)
bones/48/rotation = Quaternion(-0.707107, -0.000284434, -0.000284434, 0.707107)
bones/49/position = Vector3(-0.510883, 0.773624, 0.0602312)
bones/49/rotation = Quaternion(0.761812, -0.00594853, -0.647771, 0.000598656)

[node name="1H_Sword_Offhand" parent="Rig/Skeleton3D" index="0"]
transform = Transform3D(-0.0079491, 0.26568, 0.964028, 0.999939, -0.00515457, 0.00966621, 0.00753764, 0.964047, -0.265623, 0.513423, 0.623195, 0.00137786)

[node name="1H_Sword_Offhand" parent="Rig/Skeleton3D/1H_Sword_Offhand" index="0"]
visible = false

[node name="Badge_Shield" parent="Rig/Skeleton3D" index="1"]
transform = Transform3D(-0.00794907, 0.26568, 0.964028, 0.999939, -0.00515711, 0.00966688, 0.00754026, 0.964047, -0.265623, 0.663701, 0.624702, -0.0400289)

[node name="Rectangle_Shield" parent="Rig/Skeleton3D" index="2"]
transform = Transform3D(-0.00794907, 0.26568, 0.964028, 0.999939, -0.00515711, 0.00966688, 0.00754026, 0.964047, -0.265623, 0.663701, 0.624702, -0.0400289)
visible = false

[node name="Rectangle_Shield" parent="Rig/Skeleton3D/Rectangle_Shield" index="0"]
visible = false

[node name="Round_Shield" parent="Rig/Skeleton3D" index="3"]
transform = Transform3D(-0.00794907, 0.26568, 0.964028, 0.999939, -0.00515711, 0.00966688, 0.00754026, 0.964047, -0.265623, 0.663701, 0.624702, -0.0400289)
visible = false

[node name="Round_Shield" parent="Rig/Skeleton3D/Round_Shield" index="0"]
visible = false

[node name="Spike_Shield" parent="Rig/Skeleton3D" index="4"]
transform = Transform3D(-0.00794907, 0.26568, 0.964028, 0.999939, -0.00515711, 0.00966688, 0.00754026, 0.964047, -0.265623, 0.663701, 0.624702, -0.0400289)

[node name="1H_Sword" parent="Rig/Skeleton3D" index="5"]
transform = Transform3D(0.00618949, -0.16614, 0.986082, 0.999966, -0.00408677, -0.00696553, 0.00518745, 0.986093, 0.166109, -0.498853, 0.627725, 0.142519)

[node name="2H_Sword" parent="Rig/Skeleton3D" index="6"]
transform = Transform3D(0.00618948, -0.16614, 0.986082, 0.999966, -0.00408679, -0.00696551, 0.00518746, 0.986093, 0.166109, -0.498853, 0.627725, 0.142519)

[node name="Knight_Helmet" parent="Rig/Skeleton3D" index="7"]
transform = Transform3D(0.9997, -0.000295657, 0.0245037, 0.000382364, 0.999994, -0.00353391, -0.0245025, 0.00354222, 0.999694, 0.00053109, 1.18004, 0.00460616)

[node name="Knight_Cape" parent="Rig/Skeleton3D" index="8"]
transform = Transform3D(0.995978, 0.000315343, 0.089603, 0.000335701, 0.999974, -0.00725071, -0.0896029, 0.00725163, 0.995951, 0.000515002, 1.18004, 0.00451143)

[node name="AnimationTree" type="AnimationTree" parent="." index="2"]
tree_root = SubResource("AnimationNodeStateMachine_drjpd")
anim_player = NodePath("../AnimationPlayer")
parameters/conditions/grounded = false
parameters/conditions/jumping = false
parameters/IWR/blend_position = Vector2(-0.00230414, 0.0118344)

[node name="CollisionShape3D" type="CollisionShape3D" parent="." index="3"]
transform = Transform3D(1, 0, 0, 0, 1, 0, 0, 0, 1, 0, 1.2, 0)
shape = SubResource("CapsuleShape3D_a4rdm")

[node name="SpringArm3D" type="SpringArm3D" parent="." index="4"]
transform = Transform3D(1, 0, 0, 0, 1, 0, 0, 0, 1, 0, 2.5, 0)
spring_length = 5.0
margin = 0.1

[node name="Camera3D" type="Camera3D" parent="SpringArm3D" index="0"]
